4.29409884056076
6.54737310949713
4.84039614815265
6.97357831802219
7.2321027793223
3.20500424725469
5.37647469621152
7.01588569977321
5.48145756509621
5.05476630886551
7.30575005407445
5.04000370285939
6.0490678595379
5.57685030880384
3.46316107199527
7.04921236680821
4.10739480459597
3.18926790088881
4.47564323677216
7.29526642116252
7.00292692228686
6.1176153277047
5.88228066195734
7.47421399480663
5.9506760960212
6.18838710675482
5.4482971112011
5.67363909201231
4.30121881782543
3.66201141290367
7.33360904641449
7.06034570303746
6.10817375290208
6.5796033795923
3.11076158029027
5.15008186991327
6.4130679188529
3.97383571125101
4.43181453435682
4.04231603408698
3.6426001007203
4.86545851116534
4.861759468331
4.65980452916119
3.68600136484019
3.62462728552055
4.04865344753489
5.09683102613781
4.19687688164413
6.86022471904289
3.20624025003053
4.98990033392329
6.59516180539504
3.54854666988831
5.52426592691336
3.92939125327393
3.57389242609497
6.38988538936246
7.02770411618985
4.68508249148726
5.99301837582607
3.42678297415841
4.72786337009165
4.23472640058026
6.66588017495815
5.01832353626378
6.64528958871961
6.65575279283803
6.574540444999
4.97924259421416
6.39513821387663
5.83149509201758
6.19582080608234
3.00281147996429
5.13892458344344
3.9905349832261
4.70917441975325
5.75746951473411
4.58309059159365
3.50010940956417
4.09628762723878
6.00625014351681
4.87941050855443
6.5468812531326
3.46289089915808
4.95701733673923
7.43230640992988
7.01873001479544
6.98911077354569
3.78773692622781
3.58813061204273
5.93895866267849
4.5458241251763
5.95541157585103
4.44167959119659
3.84461003670003
6.52032435592264
3.42117744020652
5.10050568706356
5.30177456955425
5.69995031668805
4.49770593142603
5.19875865150243
7.29513222374953
5.1730607872596
7.00657599954866
7.1149718411034
5.73930742044467
4.8481039943872
3.66192610922735
7.20884911471512
4.35553004988469
3.27324257197324
7.26477123016957
6.24268323043361
3.6403243301902
5.47178095229901
7.29341057350393
5.63467508903705
4.82029626786243
5.91552065697033
4.43919277691748
4.38474004890304
3.98895434068982
4.66269989626016
7.42898641561624
3.69391035370063
3.40969799947925
3.63858108501881
6.10503195680212
5.78665417525917
7.01127352716867
6.02849591674749
6.31684982066508
5.34511076600756
5.96927302354015
6.69812457065564
6.53826698265038
7.40919862815645
4.97744191309903
4.40265990933403
4.84263728675433
3.04710200324189
3.8273228580365
6.79228193499148
4.04022801923566
4.07594980043359
3.34511024400126
4.10575655114371
6.29460842488334
6.81353924295399
5.23887270188425
4.74559063429479
4.10902047366835
3.49993407586589
4.75497495860327
5.57370891293976
3.97601743263658
5.00145600910764
3.98095800925512
5.26034803467337
4.59257057332434
5.92493321467191
4.68621280475054
4.59950421354733
5.40159575454891
6.33150462177582
3.99496322020423
4.85735753376503
4.1955900908215
5.83487874059938
3.82722820853814
6.88639850146137
6.35955601860769
6.0072809237754
5.78108042967506
4.67507127101999
5.3842605863465
6.93607054289896
5.61787544901017
6.77895494154654
4.40601674211212
6.18730644998141
4.1925801273901
5.67454437317792
5.16580410220195
4.19264729158022
5.54065695649479
7.1093470036285
7.05843475274742
4.23374979675282
4.44667240383569
7.43538397969678
5.78996989584994
7.21791340119671
5.0993971604621
4.8307466696715
5.96653645893093
3.68555977579672
5.57790176197886
4.07426712079905
7.33061521395575
5.70614576688968
5.31763377261814
4.81158003991004
6.96110943553504
4.63841339154169
4.29707676311955
3.76790355797857
3.77477285871282
5.16919172485359
4.13834217831027
3.97314655326772
6.03469374636188
3.21448632341344
6.15383889363147
4.58349887304939
4.84024799067993
6.69428095780313
7.13485806668177
4.2713774854783
7.32497157168109
6.27777492720634
6.08868786902167
3.23779774247669
4.77849060588051
5.15030420932453
5.52113968657795
6.14217717689462
7.12057592289057
5.7825805231696
4.92789678939153
5.43936165247578
3.26315319864079
4.17385585675947
4.7871837898856
3.88985131506342
6.74367403273936
3.6879925027024
6.61538343911525
5.46071770449635
5.98042938904837
3.77264322247356
5.84874911920633
4.40341386047658
6.26049455883913
4.79522921098396
7.36210385011509
7.35329266777262
6.27016142557841
4.15747535903938
3.99804570595734
5.66870543255936
4.20384644460864
5.3898167948937
6.53381252079271
